764 365
669 353
0 0
639 318
0 0
669 305
693 306
658 327
0 0
688 331
684 350
0 0
663 390
0 0
647 422
614 441
0 0
617 443
633 428
632 420
566 352
629 376
0 0
675 358
657 328
663 341
692 330
0 0
656 327
685 345
616 325
626 285
0 0
706 334
723 310
729 375
771 385
744 349
745 387
0 0
741 437
760 354
739 405
770 378
0 0
753 367
729 371
660 315
578 242
625 299
518 237
495 244
0 0
420 221
0 0
483 209
387 210
0 0
378 207
0 0
382 209
0 0
405 217
360 212
0 0
417 223
357 220
399 205
381 227
352 221
356 227
347 223
379 231
343 232
352 219
332 245
351 221
342 227
0 0
340 232
329 249
0 0
328 256
318 264
302 252
281 203
316 274
285 222
0 0
288 226
266 242
0 0
275 239
288 291
303 253
0 0
337 273
312 279
331 261
321 270
330 264
348 288
0 0
334 281
0 0
374 278
348 260
355 272
0 0
371 294
342 269
346 221
372 248
386 254
398 264
0 0
431 265
413 264
0 0
450 233
402 241
444 261
0 0
447 256
471 281
467 299
449 262
449 275
0 0
474 254
469 281
477 259
457 283
470 271
476 275
476 290
475 256
475 285
474 290
508 258
491 283
500 280
490 283
0 0
484 286
488 283
493 257
490 273
502 254
0 0
499 272
505 258
493 268
498 279
509 263
454 258
451 255
0 0
487 238
473 241
435 252
477 247
0 0
446 250
476 238
444 230
434 237
429 240
435 239
0 0
415 256
422 237
425 226
417 241
427 224
424 220
0 0
400 227
418 222
434 226
410 234
406 226
376 234
0 0
394 230
420 213
370 228
336 251
331 231
364 233
0 0
479 189
487 187
653 126
627 131
0 0
514 159
441 180
475 185
488 169
425 165
490 162
415 162
471 183
0 0
473 153
435 171
392 168
435 159
0 0
416 156
403 145
412 161
365 166
352 152
373 151
0 0
338 161
337 165
323 189
381 134
352 148
349 138
0 0
295 117
0 0
291 96
274 113
0 0
295 121
0 0
303 111
366 121
300 113
342 117
384 100
0 0
343 112
414 113
0 0
391 87
0 0
395 100
407 100
0 0
391 95
428 119
406 137
412 120
0 0
423 165
0 0
384 133
371 110
0 0
0 0
